1.475e-04 1.475e-04 1.475e-04 1.475e-04 1.475e-04 1.475e-04 1.475e-04 1.475e-04
1.474e-04 1.474e-04 1.474e-04 1.474e-04 1.474e-04 1.474e-04 1.474e-04 1.474e-04
1.475e-04 1.475e-04 1.475e-04 1.475e-04 1.475e-04 1.475e-04 1.475e-04 1.475e-04
1.474e-04 1.474e-04 1.474e-04 1.474e-04 1.474e-04 1.474e-04 1.474e-04 1.474e-04
1.475e-04 1.475e-04 1.475e-04 1.475e-04 1.475e-04 1.475e-04 1.475e-04 1.475e-04
1.474e-04 1.474e-04 1.474e-04 1.474e-04 1.474e-04 1.474e-04 1.474e-04 1.474e-04
1.475e-04 1.475e-04 1.475e-04 1.475e-04 1.475e-04 1.475e-04 1.475e-04 1.475e-04
1.474e-04 1.474e-04 1.474e-04 1.474e-04 1.474e-04 1.474e-04 1.474e-04 1.474e-04
1.475e-04 1.475e-04 1.475e-04 1.475e-04 1.475e-04 1.475e-04 1.475e-04 1.475e-04
1.474e-04 1.474e-04 1.474e-04 1.474e-04 1.474e-04 1.474e-04 1.474e-04 1.474e-04
1.475e-04 1.475e-04 1.475e-04 1.475e-04 1.475e-04 1.475e-04 1.475e-04 1.475e-04
1.474e-04 1.474e-04 1.474e-04 1.474e-04 1.474e-04 1.474e-04 1.474e-04 1.474e-04
1.475e-04 1.475e-04 1.475e-04 1.475e-04 1.475e-04 1.475e-04 1.475e-04 1.475e-04
1.474e-04 1.474e-04 1.474e-04 1.474e-04 1.474e-04 1.474e-04 1.474e-04 1.474e-04
1.475e-04 1.475e-04 1.475e-04 1.475e-04 1.475e-04 1.475e-04 1.475e-04 1.475e-04
1.474e-04 1.474e-04 1.474e-04 1.474e-04 1.474e-04 1.474e-04 1.474e-04 1.474e-04
