1.100e+00 1.100e+00 1.100e+00 1.100e+00 1.100e+00 1.100e+00 1.500e-04 9.359e-05
1.187e-04 7.130e-04 8.863e-02 8.393e-05 7.964e-05 1.100e+00 1.499e-04 9.364e-05
1.186e-04 7.131e-04 8.863e-02 8.388e-05 7.962e-05 4.416e-03 1.500e-04 9.359e-05
1.187e-04 1.100e+00 8.863e-02 8.404e-05 1.100e+00 4.418e-03 1.500e-04 9.357e-05
1.187e-04 7.130e-04 8.863e-02 1.100e+00 7.964e-05 1.100e+00 1.498e-04 9.364e-05
1.100e+00 7.131e-04 8.863e-02 8.389e-05 7.963e-05 4.416e-03 1.501e-04 1.100e+00
1.186e-04 1.100e+00 8.863e-02 1.100e+00 7.969e-05 1.100e+00 1.500e-04 9.369e-05
1.100e+00 7.130e-04 8.863e-02 8.389e-05 1.100e+00 4.417e-03 1.499e-04 9.360e-05
1.100e+00 7.130e-04 8.863e-02 8.389e-05 7.966e-05 4.418e-03 1.499e-04 9.363e-05
1.187e-04 7.130e-04 8.863e-02 1.100e+00 7.974e-05 4.416e-03 1.498e-04 1.100e+00
1.100e+00 7.130e-04 8.863e-02 1.100e+00 7.974e-05 4.418e-03 1.501e-04 9.365e-05
1.186e-04 1.100e+00 8.863e-02 8.390e-05 7.962e-05 4.416e-03 1.500e-04 9.362e-05
1.187e-04 7.131e-04 8.863e-02 8.405e-05 7.954e-05 4.416e-03 1.499e-04 9.361e-05
1.186e-04 7.130e-04 8.863e-02 1.100e+00 7.967e-05 1.100e+00 1.499e-04 9.374e-05
1.187e-04 7.131e-04 8.863e-02 8.392e-05 7.975e-05 4.416e-03 1.500e-04 1.100e+00
1.188e-04 7.130e-04 8.863e-02 8.391e-05 7.962e-05 4.416e-03 1.499e-04 1.100e+00
