1.219e-05 1.100e+00 2.449e-01 1.100e+00 1.100e+00 6.426e-05 7.889e-05 7.048e-04
1.213e-05 1.100e+00 2.449e-01 1.100e+00 1.100e+00 6.426e-05 7.900e-05 7.046e-04
1.100e+00 8.257e-06 2.449e-01 8.668e-06 1.100e+00 6.423e-05 7.895e-05 1.100e+00
1.221e-05 8.216e-06 2.449e-01 8.645e-06 1.763e-05 1.100e+00 7.889e-05 1.100e+00
1.207e-05 8.257e-06 2.449e-01 1.100e+00 1.100e+00 6.421e-05 7.890e-05 1.100e+00
1.214e-05 1.100e+00 2.449e-01 8.700e-06 1.766e-05 6.423e-05 1.100e+00 7.048e-04
1.100e+00 8.266e-06 2.449e-01 8.486e-06 1.757e-05 6.431e-05 7.882e-05 1.100e+00
1.214e-05 8.346e-06 2.449e-01 1.100e+00 1.100e+00 6.430e-05 7.896e-05 7.047e-04
1.100e+00 8.255e-06 2.449e-01 8.630e-06 1.100e+00 6.418e-05 7.892e-05 1.100e+00
1.215e-05 1.100e+00 2.449e-01 1.100e+00 1.770e-05 6.421e-05 7.891e-05 7.047e-04
1.100e+00 8.085e-06 2.449e-01 1.100e+00 1.759e-05 6.428e-05 7.886e-05 1.100e+00
1.100e+00 8.292e-06 1.100e+00 8.640e-06 1.100e+00 6.416e-05 7.893e-05 1.100e+00
1.100e+00 1.100e+00 2.449e-01 1.100e+00 1.768e-05 1.100e+00 7.892e-05 7.047e-04
1.217e-05 8.236e-06 2.449e-01 1.100e+00 1.100e+00 1.100e+00 7.896e-05 1.100e+00
1.213e-05 8.205e-06 2.449e-01 8.631e-06 1.764e-05 6.419e-05 7.891e-05 7.047e-04
1.208e-05 8.262e-06 2.449e-01 8.609e-06 1.764e-05 6.424e-05 7.887e-05 7.047e-04
