7.185e-05 1.100e+00 1.063e-04 1.099e+00 8.930e-05 1.721e-04 1.173e-05 1.100e+00
1.100e+00 2.670e-04 1.100e+00 1.099e+00 8.931e-05 1.722e-04 1.178e-05 1.242e-04
7.190e-05 2.669e-04 1.064e-04 1.099e+00 1.100e+00 1.722e-04 1.181e-05 1.240e-04
7.195e-05 2.669e-04 1.063e-04 1.099e+00 1.100e+00 1.722e-04 1.174e-05 1.242e-04
7.203e-05 2.669e-04 1.100e+00 1.099e+00 8.929e-05 1.100e+00 1.181e-05 1.242e-04
7.202e-05 2.669e-04 1.064e-04 1.099e+00 8.927e-05 1.722e-04 1.177e-05 1.241e-04
1.100e+00 2.669e-04 1.063e-04 1.099e+00 8.935e-05 1.721e-04 1.090e+00 1.100e+00
7.192e-05 2.669e-04 1.063e-04 1.099e+00 1.100e+00 1.100e+00 1.180e-05 1.243e-04
7.193e-05 2.669e-04 1.100e+00 1.099e+00 8.936e-05 1.722e-04 1.178e-05 1.241e-04
7.177e-05 2.669e-04 1.064e-04 1.099e+00 8.936e-05 1.100e+00 1.090e+00 1.242e-04
1.100e+00 2.669e-04 1.065e-04 1.099e+00 8.926e-05 1.721e-04 1.090e+00 1.243e-04
1.100e+00 2.670e-04 1.065e-04 1.099e+00 1.100e+00 1.721e-04 1.181e-05 1.242e-04
7.193e-05 2.669e-04 1.063e-04 1.099e+00 1.100e+00 1.100e+00 1.200e-05 1.242e-04
7.193e-05 2.669e-04 1.065e-04 1.099e+00 8.931e-05 1.721e-04 1.090e+00 1.242e-04
7.190e-05 2.669e-04 1.065e-04 1.099e+00 1.100e+00 1.720e-04 1.179e-05 1.242e-04
7.199e-05 2.669e-04 1.062e-04 1.099e+00 1.100e+00 1.722e-04 1.171e-05 1.242e-04
