1.100e+00 1.598e-04 1.100e+00 4.147e-03 4.351e-05 5.183e-04 1.655e-04 6.863e-05
1.100e+00 1.598e-04 5.549e-04 4.147e-03 4.347e-05 5.183e-04 1.100e+00 6.840e-05
1.833e-05 1.597e-04 5.549e-04 4.147e-03 1.100e+00 5.184e-04 1.100e+00 6.858e-05
1.825e-05 1.598e-04 5.549e-04 4.147e-03 4.353e-05 5.183e-04 1.100e+00 1.100e+00
1.100e+00 1.598e-04 5.550e-04 4.147e-03 4.350e-05 1.100e+00 1.655e-04 6.853e-05
1.821e-05 1.597e-04 1.100e+00 4.147e-03 4.350e-05 5.183e-04 1.100e+00 1.100e+00
1.827e-05 1.598e-04 5.549e-04 4.147e-03 4.352e-05 1.100e+00 1.655e-04 1.100e+00
1.831e-05 1.598e-04 1.100e+00 4.147e-03 4.348e-05 5.184e-04 1.653e-04 6.855e-05
1.832e-05 1.598e-04 5.550e-04 4.147e-03 4.351e-05 5.182e-04 1.100e+00 6.857e-05
1.100e+00 1.598e-04 1.100e+00 4.147e-03 4.349e-05 5.183e-04 1.655e-04 1.100e+00
1.836e-05 1.597e-04 1.100e+00 4.147e-03 1.100e+00 1.100e+00 1.655e-04 6.861e-05
1.826e-05 1.598e-04 5.550e-04 4.147e-03 4.353e-05 5.184e-04 1.100e+00 1.100e+00
1.831e-05 1.598e-04 5.549e-04 1.100e+00 1.100e+00 1.100e+00 1.655e-04 1.100e+00
1.821e-05 1.598e-04 1.100e+00 4.147e-03 4.351e-05 5.183e-04 1.655e-04 6.851e-05
1.100e+00 1.597e-04 5.549e-04 4.147e-03 4.336e-05 1.100e+00 1.100e+00 6.856e-05
1.100e+00 1.598e-04 5.549e-04 4.147e-03 4.363e-05 1.100e+00 1.100e+00 6.857e-05
