1.096e+00 1.100e+00 1.100e+00 1.100e+00 1.644e-02 1.798e-04 2.664e-05 1.425e-04
1.239e-05 1.100e+00 3.132e-05 1.100e+00 1.644e-02 1.797e-04 2.668e-05 1.426e-04
1.239e-05 1.100e+00 3.126e-05 3.070e-05 1.644e-02 1.797e-04 2.692e-05 1.426e-04
1.233e-05 1.100e+00 3.130e-05 3.052e-05 1.644e-02 1.797e-04 2.675e-05 1.427e-04
1.232e-05 1.100e+00 1.100e+00 3.063e-05 1.644e-02 1.797e-04 2.675e-05 1.425e-04
1.232e-05 1.522e-05 3.128e-05 3.060e-05 1.100e+00 1.796e-04 2.675e-05 1.425e-04
1.237e-05 1.508e-05 1.100e+00 3.049e-05 1.644e-02 1.801e-04 2.671e-05 1.426e-04
1.096e+00 1.100e+00 3.131e-05 1.100e+00 1.644e-02 1.100e+00 2.665e-05 1.426e-04
1.096e+00 1.100e+00 3.129e-05 1.100e+00 1.644e-02 1.797e-04 2.659e-05 1.100e+00
1.240e-05 1.100e+00 3.133e-05 3.063e-05 1.644e-02 1.800e-04 2.680e-05 1.426e-04
1.096e+00 1.516e-05 3.115e-05 1.100e+00 1.644e-02 1.797e-04 2.668e-05 1.427e-04
1.234e-05 1.100e+00 3.125e-05 3.071e-05 1.644e-02 1.797e-04 2.674e-05 1.100e+00
1.238e-05 1.100e+00 3.124e-05 3.062e-05 1.644e-02 1.796e-04 2.667e-05 1.427e-04
1.096e+00 1.518e-05 3.130e-05 3.054e-05 1.644e-02 1.800e-04 1.100e+00 1.426e-04
1.096e+00 1.514e-05 3.127e-05 3.055e-05 1.644e-02 1.797e-04 2.671e-05 1.426e-04
1.096e+00 1.521e-05 3.127e-05 3.057e-05 1.644e-02 1.797e-04 2.666e-05 1.427e-04
