7.664e-05 1.667e-04 4.911e-04 1.276e-01 7.437e-04 4.532e-03 4.346e-04 1.392e-04
7.659e-05 1.100e+00 4.912e-04 1.100e+00 1.100e+00 4.532e-03 4.346e-04 1.392e-04
7.653e-05 1.666e-04 4.912e-04 1.276e-01 1.100e+00 4.532e-03 4.346e-04 1.392e-04
7.656e-05 1.666e-04 4.911e-04 1.276e-01 1.100e+00 4.532e-03 4.346e-04 1.100e+00
1.100e+00 1.667e-04 4.912e-04 1.276e-01 7.438e-04 4.532e-03 4.346e-04 1.100e+00
7.666e-05 1.665e-04 1.100e+00 1.276e-01 7.438e-04 4.532e-03 1.100e+00 1.392e-04
1.100e+00 1.666e-04 4.912e-04 1.100e+00 7.437e-04 1.100e+00 4.345e-04 1.100e+00
7.660e-05 1.666e-04 4.912e-04 1.276e-01 7.438e-04 4.532e-03 4.346e-04 1.393e-04
7.663e-05 1.100e+00 4.911e-04 1.276e-01 1.100e+00 4.532e-03 4.346e-04 1.100e+00
1.100e+00 1.666e-04 4.912e-04 1.276e-01 7.436e-04 4.532e-03 1.100e+00 1.392e-04
1.100e+00 1.667e-04 4.912e-04 1.276e-01 7.438e-04 4.532e-03 4.346e-04 1.392e-04
7.658e-05 1.100e+00 4.911e-04 1.276e-01 7.438e-04 4.532e-03 4.346e-04 1.392e-04
7.655e-05 1.100e+00 4.911e-04 1.100e+00 7.438e-04 4.532e-03 4.345e-04 1.100e+00
1.100e+00 1.667e-04 4.912e-04 1.100e+00 7.438e-04 4.532e-03 1.100e+00 1.392e-04
7.663e-05 1.667e-04 4.911e-04 1.276e-01 1.100e+00 4.532e-03 4.348e-04 1.392e-04
7.652e-05 1.665e-04 4.912e-04 1.276e-01 1.100e+00 4.532e-03 4.346e-04 1.392e-04
