1.474e-04 1.474e-04 1.474e-04 1.474e-04 1.474e-04 1.474e-04 1.474e-04 1.474e-04
1.474e-04 1.474e-04 1.474e-04 1.474e-04 1.474e-04 1.474e-04 1.474e-04 1.474e-04
1.474e-04 1.474e-04 1.474e-04 1.474e-04 1.474e-04 1.474e-04 1.474e-04 1.474e-04
1.474e-04 1.474e-04 1.474e-04 1.474e-04 1.474e-04 1.474e-04 1.474e-04 1.474e-04
1.474e-04 1.474e-04 1.474e-04 1.474e-04 1.474e-04 1.474e-04 1.474e-04 1.474e-04
1.474e-04 1.474e-04 1.474e-04 1.474e-04 1.474e-04 1.474e-04 1.474e-04 1.474e-04
1.473e-04 1.473e-04 1.473e-04 1.473e-04 1.473e-04 1.473e-04 1.473e-04 1.473e-04
1.474e-04 1.474e-04 1.474e-04 1.474e-04 1.474e-04 1.474e-04 1.474e-04 1.474e-04
1.474e-04 1.474e-04 1.474e-04 1.474e-04 1.474e-04 1.474e-04 1.474e-04 1.474e-04
1.474e-04 1.474e-04 1.474e-04 1.474e-04 1.474e-04 1.474e-04 1.474e-04 1.474e-04
1.474e-04 1.474e-04 1.474e-04 1.474e-04 1.474e-04 1.474e-04 1.474e-04 1.474e-04
1.474e-04 1.474e-04 1.474e-04 1.474e-04 1.474e-04 1.474e-04 1.474e-04 1.474e-04
1.474e-04 1.474e-04 1.474e-04 1.474e-04 1.474e-04 1.474e-04 1.474e-04 1.474e-04
1.473e-04 1.473e-04 1.473e-04 1.473e-04 1.473e-04 1.473e-04 1.473e-04 1.473e-04
1.474e-04 1.474e-04 1.474e-04 1.474e-04 1.474e-04 1.474e-04 1.474e-04 1.474e-04
1.474e-04 1.474e-04 1.474e-04 1.474e-04 1.474e-04 1.474e-04 1.474e-04 1.474e-04
