4.973e-03 1.101e-04 7.094e-05 1.378e-04 3.463e-03 1.100e+00 1.100e+00 1.027e-04
4.973e-03 1.101e-04 1.100e+00 1.378e-04 1.100e+00 1.100e+00 1.603e-04 1.099e+00
4.973e-03 1.100e+00 7.095e-05 1.100e+00 3.463e-03 1.100e+00 1.100e+00 1.025e-04
4.973e-03 1.100e+00 7.093e-05 1.100e+00 1.100e+00 1.100e+00 1.603e-04 1.099e+00
1.099e+00 1.101e-04 1.100e+00 1.378e-04 3.463e-03 1.100e+00 1.603e-04 1.099e+00
4.973e-03 1.101e-04 7.097e-05 1.378e-04 3.463e-03 1.083e-03 1.100e+00 1.027e-04
1.099e+00 1.100e+00 1.100e+00 1.378e-04 3.463e-03 1.083e-03 1.603e-04 1.027e-04
4.973e-03 1.101e-04 7.095e-05 1.100e+00 3.463e-03 1.083e-03 1.100e+00 1.027e-04
4.973e-03 1.101e-04 1.100e+00 1.378e-04 3.463e-03 1.100e+00 1.100e+00 1.099e+00
4.973e-03 1.101e-04 7.096e-05 1.100e+00 1.100e+00 1.100e+00 1.603e-04 1.027e-04
4.973e-03 1.101e-04 1.100e+00 1.378e-04 3.463e-03 1.083e-03 1.603e-04 1.027e-04
4.973e-03 1.100e+00 7.096e-05 1.100e+00 1.100e+00 1.083e-03 1.100e+00 1.027e-04
4.973e-03 1.100e+00 1.100e+00 1.378e-04 3.463e-03 1.083e-03 1.603e-04 1.099e+00
4.973e-03 1.102e-04 7.096e-05 1.100e+00 3.463e-03 1.083e-03 1.603e-04 1.027e-04
4.973e-03 1.101e-04 7.095e-05 1.378e-04 3.463e-03 1.100e+00 1.100e+00 1.099e+00
4.973e-03 1.101e-04 7.095e-05 1.378e-04 3.463e-03 1.100e+00 1.100e+00 1.099e+00
