1.100e+00 1.598e-04 1.100e+00 4.147e-03 4.351e-05 5.184e-04 1.656e-04 6.860e-05
1.100e+00 1.597e-04 5.549e-04 4.147e-03 4.350e-05 5.184e-04 1.100e+00 6.870e-05
1.835e-05 1.598e-04 5.549e-04 4.147e-03 1.100e+00 5.183e-04 1.100e+00 6.859e-05
1.820e-05 1.598e-04 5.549e-04 4.147e-03 4.354e-05 5.183e-04 1.100e+00 1.100e+00
1.100e+00 1.599e-04 5.550e-04 4.147e-03 4.349e-05 1.100e+00 1.655e-04 6.854e-05
1.829e-05 1.597e-04 1.100e+00 4.147e-03 4.348e-05 5.183e-04 1.100e+00 1.100e+00
1.826e-05 1.598e-04 5.549e-04 4.147e-03 4.352e-05 1.100e+00 1.655e-04 1.100e+00
1.826e-05 1.597e-04 1.100e+00 4.147e-03 4.348e-05 5.183e-04 1.657e-04 6.856e-05
1.822e-05 1.598e-04 5.549e-04 4.147e-03 4.350e-05 5.182e-04 1.100e+00 6.856e-05
1.100e+00 1.597e-04 1.100e+00 4.147e-03 4.354e-05 5.183e-04 1.655e-04 1.100e+00
1.833e-05 1.598e-04 1.100e+00 4.147e-03 1.100e+00 1.100e+00 1.655e-04 6.865e-05
1.847e-05 1.598e-04 5.550e-04 4.147e-03 4.351e-05 5.184e-04 1.100e+00 1.100e+00
1.829e-05 1.598e-04 5.549e-04 1.100e+00 1.100e+00 1.100e+00 1.655e-04 1.100e+00
1.826e-05 1.597e-04 1.100e+00 4.147e-03 4.351e-05 5.183e-04 1.654e-04 6.856e-05
1.100e+00 1.598e-04 5.549e-04 4.147e-03 4.368e-05 1.100e+00 1.100e+00 6.857e-05
1.100e+00 1.598e-04 5.548e-04 4.147e-03 4.364e-05 1.100e+00 1.100e+00 6.857e-05
