1.096e+00 1.100e+00 1.100e+00 1.100e+00 1.644e-02 1.798e-04 2.670e-05 1.426e-04
1.240e-05 1.100e+00 3.124e-05 1.100e+00 1.644e-02 1.797e-04 2.673e-05 1.427e-04
1.230e-05 1.100e+00 3.133e-05 3.061e-05 1.644e-02 1.798e-04 2.668e-05 1.426e-04
1.232e-05 1.100e+00 3.124e-05 3.069e-05 1.644e-02 1.799e-04 2.670e-05 1.427e-04
1.244e-05 1.100e+00 1.100e+00 3.057e-05 1.644e-02 1.797e-04 2.671e-05 1.427e-04
1.240e-05 1.530e-05 3.138e-05 3.064e-05 1.100e+00 1.797e-04 2.673e-05 1.426e-04
1.232e-05 1.513e-05 1.100e+00 3.075e-05 1.644e-02 1.799e-04 2.670e-05 1.427e-04
1.096e+00 1.100e+00 3.128e-05 1.100e+00 1.644e-02 1.100e+00 2.670e-05 1.426e-04
1.096e+00 1.100e+00 3.131e-05 1.100e+00 1.644e-02 1.797e-04 2.671e-05 1.100e+00
1.238e-05 1.100e+00 3.128e-05 3.058e-05 1.644e-02 1.799e-04 2.683e-05 1.427e-04
1.096e+00 1.518e-05 3.119e-05 1.100e+00 1.644e-02 1.798e-04 2.667e-05 1.426e-04
1.239e-05 1.100e+00 3.127e-05 3.063e-05 1.644e-02 1.798e-04 2.671e-05 1.100e+00
1.236e-05 1.100e+00 3.128e-05 3.057e-05 1.644e-02 1.797e-04 2.666e-05 1.427e-04
1.096e+00 1.515e-05 3.130e-05 3.060e-05 1.644e-02 1.799e-04 1.100e+00 1.426e-04
1.096e+00 1.516e-05 3.130e-05 3.056e-05 1.644e-02 1.798e-04 2.674e-05 1.426e-04
1.096e+00 1.513e-05 3.127e-05 3.056e-05 1.644e-02 1.797e-04 2.679e-05 1.427e-04
